run_nr,nr_inputs,chromium_success-firefox_success,chromium_reject-firefox_reject
0,10,5,5
1,20,11,9
2,30,15,15
3,40,17,23
4,50,22,28
5,60,29,31
6,70,31,39
7,80,36,44
8,90,42,48
9,100,47,53
10,110,53,57
11,120,58,62
12,130,61,69
13,140,68,72
14,150,73,77
15,160,78,82
